# Created by Octave 8.4.0, Tue Sep 24 15:54:12 2024 CST <andresbb@fedora>
# name: SOS
# type: matrix
# rows: 3
# columns: 6
 0.90289752201999274 -1.80216651795405 0.9026654834461062 1 -1.8991886944299918 0.90277707852943456
 1 -1.9962039235861138 0.99999405292239463 1 -1.9065733894052723 0.9213473639865386
 1 -1.996499633237707 1.0002630079601056 1 -1.9791920466888691 0.9801058762501037


