# Created by Octave 8.4.0, Tue Oct 08 18:07:17 2024 CST <andresbb@fedora>
# name: SOS
# type: matrix
# rows: 3
# columns: 6
 0.00012044276552320411 0.00024088553104640822 0.00012044276552320411 1 -1.8991886952081376 0.90277707925446971
 1 0 -1 1 -1.9065733893670724 0.92134736394544303
 1 -2 1 1 -1.9791920459489167 0.98010587550667549


