# Created by Octave 8.4.0, Thu Oct 03 13:47:21 2024 CST <andresbb@fedora>
# name: SOS
# type: matrix
# rows: 2
# columns: 6
 0.94402386488742485 -1.8880415271367834 0.94401766229011241 1 -1.9408228439711848 0.94404642946207562
 1 -1.0000065704250627 0 1 -0.94400130031277318 0


