# Created by Octave 8.4.0, Tue Oct 08 18:07:17 2024 CST <andresbb@fedora>
# name: SOS
# type: matrix
# rows: 2
# columns: 6
 0.00026995652558355965 -0.00053871968116975082 0.00026995652558356014 1 -1.9868471245268569 0.98702370811719264
 1 1.0000000000000016 0 1 -0.9864837950684886 0


