# Created by Octave 8.4.0, Tue Oct 08 18:07:17 2024 CST <andresbb@fedora>
# name: SOS
# type: matrix
# rows: 3
# columns: 6
 0.88158824221862009 -1.7597179765520219 0.8814492999633935 1 -1.9430494462300449 0.95948029987880146
 1 -1.9962108306677326 0.99999393137229808 1 -1.9898927320838049 0.99073493954910341
 1 -1.9963970109785492 1.0001636989427882 1 -1.8091675321021827 0.81258582784918432


