# Created by Octave 8.4.0, Tue Sep 24 16:45:38 2024 CST <andresbb@fedora>
# name: SOS
# type: matrix
# rows: 2
# columns: 6
 0.78408634923137299 -1.5662220557111675 0.78408634923141407 1 -1.7310770061196015 0.78556707867525732
 1 -0.99999999999995171 0 1 -0.7826056197874881 0


