# Created by Octave 8.4.0, Tue Sep 24 15:54:12 2024 CST <andresbb@fedora>
# name: SOS
# type: matrix
# rows: 2
# columns: 6
 0.14356015426441104 -0.28648568641495947 0.14356015426441091 1 -1.9836985970769891 0.98794101713830251
 1 1.0000000000000004 0 1 -0.70082070860948686 0


