# Created by Octave 8.4.0, Tue Oct 08 18:07:17 2024 CST <andresbb@fedora>
# name: SOS
# type: matrix
# rows: 2
# columns: 6
 0.93081504079902522 -1.8616384464327371 0.930823405708885 1 -1.968502787126758 0.97179142210039882
 1 -0.99999101342982055 0 1 -0.88983865949765462 0


