# Created by Octave 8.4.0, Tue Oct 08 18:07:17 2024 CST <andresbb@fedora>
# name: SOS
# type: matrix
# rows: 3
# columns: 6
 0.00047505201545556777 -0.00094026651557583109 0.00047505201545472832 1 -1.9724232050524277 0.97614995989702469
 1 -1.9993154131209701 1.0000000000533689 1 -1.9813457097573739 0.9865848983918809
 1 5.1599502448596013e-11 -0.9999999999484005 1 -1.987702371653759 0.99038620784579001


