# Created by Octave 8.4.0, Tue Sep 24 15:54:12 2024 CST <andresbb@fedora>
# name: SOS
# type: matrix
# rows: 3
# columns: 6
 0.22719104036284257 -0.44967734256881214 0.22719104036244112 1 -1.9621071314550684 0.98207840436954597
 1 -1.9993154131209701 1.0000000000533689 1 -1.995916097847017 0.99661849332349273
 1 5.1599502448596013e-11 -0.9999999999484005 1 -1.5215006488489982 0.52437541806224375


