# Created by Octave 8.4.0, Tue Sep 24 16:45:38 2024 CST <andresbb@fedora>
# name: SOS
# type: matrix
# rows: 3
# columns: 6
 0.65116060547024956 -1.2929727330242133 0.65116060551453991 1 -1.505344033712086 0.66332937407223691
 1 -1.9962282663341617 0.9999999996720641 1 -1.9919159544267857 0.99198713326299781
 1 -1.9990110379494819 1.000000000259917 1 -1.6412060628442569 0.64430700674434349


