# Created by Octave 8.4.0, Mon Sep 23 13:58:28 2024 CST <nagel@Nagel>
# name: SOS
# type: matrix
# rows: 2
# columns: 6
 0.00091072970362859125 -0.0017743214265468583 0.00091072970362859125 1 -1.9697223754124538 0.97299256543463608
 1 1.0000000000000004 0 1 -0.97117110602685708 0


