# Created by Octave 8.4.0, Thu Oct 03 13:47:21 2024 CST <andresbb@fedora>
# name: SOS
# type: matrix
# rows: 3
# columns: 6
 0.0016221862705300166 -0.0029757240391930996 0.001622186270530114 1 -1.9447984165831651 0.96120972221045275
 1 -1.9999175015330592 0.99999999986500621 1 -1.9457516271454325 0.94942798855547406
 1 -1.3493495210070705e-10 -1.0000000001349327 1 -1.990273986548398 0.99111811090403457


