# Created by Octave 8.4.0, Tue Sep 24 16:45:38 2024 CST <andresbb@fedora>
# name: SOS
# type: matrix
# rows: 2
# columns: 6
 0.90984938904383406 -1.81934319711723 0.909849389043352 1 -1.9572984976309038 0.96335343819540142
 1 -1.0000000000005271 0 1 -0.85634533989227102 0


