# Created by Octave 8.4.0, Tue Sep 24 15:54:12 2024 CST <andresbb@fedora>
# name: SOS
# type: matrix
# rows: 3
# columns: 6
 0.88489099304085195 -1.7647259369167299 0.88489099279944872 1 -1.9447696737414277 0.96118976527688038
 1 -1.9962282681026606 1.0000000006886136 1 -1.9902746344470237 0.99111829673050256
 1 -1.9975106328926273 0.99999999958419417 1 -1.8137023593689499 0.81712922359906082


